NodesVehiclek , 0,1,2,3,4,5,6,7,8,9,10,11,
VolumeCap , 81
WeightCap , 30 
EarlyTimeWindow ,0.00,0.00,88.00,88.12,47.00,54.72,14.00,21.42,6.00,11.08,72.00,72.83,
LateTimeWindow , 144.00,144.00,100.00,100.12,59.00,66.72,26.00,33.42,18.00,23.08,84.00,84.83,
WeightLoad , 3,2,12,7,11,
VolumeLoad , 10,5,27,22,25,
PickupNodes , 27,15,4,5,4,
DeliveryNodes , 21,7,23,45,18,
StartDepot , 16 
EndDepot , 51 
NumberOfCities, 51 
Times: 
0 , 6.07 , 9.12 , 4.47 , 0.57 , 0.72 , 2.32 , 2.77 , 4.88 , 5.82 , 6.87 , 8.58 , 6.7 , 7.88 , 9.08 , 4.48 , 2.15 , 3.33 , 7.58 , 7.48 , 7.4 , 6.87 , 7.9 , 6.28 , 6.43 , 5.22 , 6.28 , 5.38 , 2.77 , 6.87 , 3.48 , 2.6 , 0.22 , 3.85 , 0.38 , 6.7 , 7.88 , 5.3 , 3.93 , 2.27 , 2.8 , 9.37 , 3.07 , 4.75 , 5.62 , 8.28 , 9.08 , 9.07 , 2.35 , 8.4 , 0 , 
5.95 , 0 , 3.8 , 5.93 , 5.52 , 6.18 , 4.63 , 3.32 , 0.18 , 2.1 , 2.53 , 3.25 , 0.75 , 2.93 , 4.12 , 3.17 , 6.03 , 6.13 , 2.37 , 2.42 , 2.17 , 2.53 , 3.1 , 0.95 , 2.17 , 0.83 , 0.97 , 2.5 , 3.32 , 3.98 , 3.75 , 3.8 , 5 , 5.33 , 4.77 , 0.75 , 2.57 , 0.5 , 2.17 , 5 , 4.42 , 6.47 , 3.95 , 3.57 , 3.68 , 4.5 , 4.8 , 4.1 , 6.73 , 5.52 , 0 , 
9.12 , 3.83 , 0 , 8.7 , 8.67 , 9.35 , 7.75 , 6.47 , 4.33 , 4 , 2.77 , 0.98 , 3.532 , 2.73 , 3.93 , 5.45 , 9.2 , 8.92 , 0.85 , 2.23 , 0.95 , 2.77 , 2.9 , 2.88 , 3.38 , 4.05 , 2.85 , 4.42 , 6.47 , 5.9 , 6.52 , 6.95 , 8.15 , 8.1 , 7.93 , 3.2 , 0.28 , 4.6 , 5.32 , 7.77 , 7.18 , 8.1 , 7.07 , 5.83 , 5.6 , 5.32 , 5.03 , 3.9 , 9.88 , 7.13 , 0 , 
4.45 , 6.03 , 8.65 , 0 , 3.42 , 4.1 , 4.15 , 3.32 , 4.85 , 4.73 , 6.37 , 8.1 , 6.67 , 7.4 , 8.6 , 3.37 , 3.6 , 0.83 , 7.12 , 6.98 , 6.93 , 6.37 , 7.42 , 5.8 , 5.3 , 5.18 , 5.82 , 4.27 , 3.32 , 5.75 , 2.35 , 2.93 , 3.4 , 0.63 , 3.52 , 6.67 , 7.42 , 4.47 , 4.05 , 2.43 , 2.13 , 7.23 , 3.92 , 3.63 , 4.5 , 7.17 , 7.93 , 8.57 , 4.63 , 7.28 , 0 , 
0.52 , 5.62 , 8.67 , 3.42 , 0 , 0.88 , 0.85 , 2.3 , 4.42 , 5.32 , 6.4 , 8.12 , 6.25 , 7.43 , 8.63 , 3.97 , 0.68 , 2.23 , 7.13 , 7.03 , 6.95 , 6.4 , 7.45 , 5.82 , 5.88 , 4.77 , 5.83 , 4.85 , 2.3 , 6.35 , 2.95 , 2.15 , 0.68 , 2.8 , 0.93 , 6.25 , 7.43 , 4.85 , 3.48 , 0.67 , 2.22 , 8.83 , 2.62 , 4.23 , 5.08 , 7.75 , 8.53 , 8.62 , 0.43 , 7.88 , 0 , 
0.72 , 6.27 , 9.32 , 4.07 , 0.87 , 0 , 2.52 , 2.97 , 5.08 , 5.98 , 7.07 , 8.78 , 6.9 , 8.1 , 9.3 , 4.62 , 0.25 , 2.9 , 7.8 , 7.68 , 7.6 , 7.07 , 8.1 , 6.48 , 6.55 , 5.43 , 6.48 , 5.52 , 2.97 , 7 , 3.6 , 2.82 , 0.33 , 3.45 , 0.6 , 6.9 , 8.08 , 5.5 , 4.15 , 2.32 , 2.87 , 9.48 , 3.27 , 4.88 , 5.75 , 8.42 , 9.18 , 9.27 , 0.88 , 8.53 , 0 , 
2.3 , 4.7 , 7.75 , 4.17 , 0.87 , 2.53 , 0 , 0.33 , 3.52 , 4.45 , 5.48 , 7.22 , 5.33 , 6.52 , 7.72 , 3.38 , 2.38 , 3.25 , 6.22 , 6.12 , 6.03 , 5.48 , 6.53 , 4.92 , 5.07 , 3.85 , 4.92 , 4.28 , 0.33 , 5.77 , 2.38 , 0.52 , 0.35 , 3.55 , 0.12 , 5.33 , 6.52 , 3.93 , 2.57 , 0.7 , 2.17 , 8.27 , 0.77 , 3.65 , 4.52 , 7.18 , 7.72 , 7.7 , 3.08 , 7.3 , 0 , 
2.75 , 3.42 , 6.47 , 3.35 , 2.32 , 2.98 , 0.32 , 0 , 2.22 , 3.17 , 4.2 , 5.92 , 4.05 , 5.23 , 6.43 , 2.45 , 2.83 , 3.4 , 4.93 , 4.82 , 4.75 , 4.2 , 5.25 , 3.62 , 3.78 , 2.58 , 3.63 , 3.35 , 0 , 4.85 , 0.45 , 0.6 , 0.78 , 2.73 , 0.57 , 4.05 , 5.22 , 2.65 , 0.28 , 0.87 , 0.45 , 7.33 , 0.63 , 2.73 , 3.58 , 6.13 , 6.42 , 6.4 , 3.53 , 6.38 , 0 , 
4.85 , 0.27 , 4.32 , 4.85 , 4.42 , 5.08 , 3.5 , 2.22 , 0 , 0.08 , 2.05 , 3.77 , 0.9 , 3.08 , 4.28 , 2.08 , 4.95 , 5.05 , 2.78 , 2.68 , 2.6 , 2.05 , 3.1 , 0.47 , 0.68 , 0.38 , 0.48 , 0.48 , 2.22 , 2.97 , 2.65 , 2.7 , 3.9 , 4.23 , 3.67 , 0.9 , 3.07 , 0.5 , 0.07 , 3.9 , 3.32 , 5.47 , 2.82 , 2.47 , 2.67 , 4 , 4.32 , 4.25 , 5.63 , 4.5 , 0 , 
5.8 , 2.2 , 4 , 4.72 , 5.3 , 5.97 , 4.43 , 3.15 , 0.1 , 0 , 0.73 , 3.467 , 2.8 , 2.75 , 3.95 , 0.45 , 5.6 , 4.92 , 2.47 , 2.35 , 2.282 , 0.73 , 2.77 , 0.17 , 0.65 , 0.35 , 0.17 , 0.42 , 3.15 , 0.92 , 2.52 , 3.4 , 4.83 , 4.1 , 4.62 , 2.467 , 2.77 , 0.6 , 2 , 3.78 , 3.2 , 4.4 , 3.75 , 0.85 , 0.6 , 3 , 3.3 , 3.93 , 6.52 , 3.45 , 0 , 
6.87 , 2.53 , 2.77 , 6.37 , 6.4 , 7.07 , 5.48 , 4.2 , 2.05 , 0.73 , 0 , 2.2 , 2.15 , 0.03 , 2.23 , 3.15 , 6.92 , 6.62 , 0.22 , 0.62 , 0.08 , 0 , 0.07 , 0.62 , 0.08 , 0.78 , 0.58 , 2.12 , 4.2 , 3.62 , 4.22 , 4.68 , 5.88 , 5.8 , 5.65 , 0.82 , 0.5 , 2.3 , 3.05 , 5.48 , 4.88 , 5.95 , 4.8 , 3.55 , 3.3 , 3.17 , 2.88 , 2.2 , 7.62 , 5 , 0 , 
8.58 , 3.25 , 0.98 , 8.1 , 8.12 , 8.78 , 7.22 , 5.92 , 3.77 , 3.467 , 2.23 , 0 , 3 , 2.2 , 3.4 , 4.92 , 8.67 , 8.37 , 0.32 , 0.7 , 0.42 , 2.23 , 2.37 , 2.35 , 2.85 , 3.52 , 2.32 , 3.88 , 5.93 , 5.37 , 5.98 , 6.42 , 7.62 , 7.57 , 7.4 , 2.67 , 0.73 , 4.07 , 4.78 , 7.23 , 6.65 , 7.57 , 6.53 , 5.3 , 5.07 , 4.78 , 4.48 , 3.37 , 9.35 , 6.6 , 0 , 
6.7 , 0.75 , 3.532 , 6.67 , 6.25 , 6.9 , 5.33 , 4.05 , 0.9 , 2.8 , 2.17 , 2.98 , 0 , 2.55 , 3.75 , 3.9 , 6.77 , 6.87 , 0.98 , 2.05 , 0.8 , 2.17 , 2.73 , 0.68 , 2.18 , 0.57 , 0.65 , 3.22 , 4.03 , 4.72 , 4.47 , 4.52 , 5.72 , 6.05 , 5.5 , 0.38 , 2.28 , 2.23 , 2.88 , 5.73 , 5.13 , 7.2 , 4.63 , 4.3 , 4.4 , 4.52 , 4.82 , 3.73 , 7.45 , 6.25 , 0 , 
7.88 , 2.93 , 2.73 , 7.4 , 7.43 , 8.1 , 6.52 , 5.23 , 3.08 , 2.75 , 0.05 , 2.2 , 2.57 , 0 , 0.28 , 4.18 , 7.95 , 7.65 , 0.22 , 0.6 , 0.08 , 0.05 , 0.83 , 0.65 , 2.12 , 2.82 , 0.62 , 3.15 , 5.23 , 4.48 , 5.25 , 5.72 , 6.9 , 6.83 , 6.68 , 2.23 , 0.5 , 3.33 , 4.08 , 6.52 , 5.92 , 6.03 , 5.83 , 4.58 , 4.33 , 3.25 , 2.97 , 0.25 , 8.65 , 5.07 , 0 , 
9.08 , 4.12 , 3.93 , 8.6 , 8.63 , 9.3 , 7.72 , 6.43 , 4.28 , 3.95 , 2.25 , 3.38 , 3.77 , 0.28 , 0 , 5.38 , 9.15 , 8.83 , 2.4 , 0.8 , 2.27 , 2.25 , 2.03 , 2.83 , 3.3 , 4 , 2.82 , 4.33 , 6.42 , 5.67 , 6.43 , 6.9 , 8.1 , 8 , 7.88 , 3.43 , 2.68 , 4.52 , 5.27 , 7.7 , 7.12 , 7.22 , 7 , 5.77 , 5.52 , 4.45 , 4.15 , 0.1 , 9.83 , 6.27 , 0 , 
4.48 , 3.17 , 5.45 , 3.37 , 3.97 , 4.62 , 3.38 , 2.45 , 2.08 , 0.45 , 3.13 , 4.88 , 3.92 , 4.17 , 5.37 , 0 , 4.25 , 3.57 , 3.88 , 3.77 , 3.7 , 3.13 , 4.18 , 2.58 , 2.07 , 2.43 , 2.58 , 0.03 , 2.43 , 2.52 , 0.17 , 2.05 , 3.48 , 2.75 , 3.27 , 3.92 , 4.18 , 0.7 , 0.78 , 2.43 , 0.85 , 5 , 3.03 , 0.5 , 0.27 , 3.93 , 4.7 , 5.35 , 5.17 , 4.05 , 0 , 
2.15 , 6.03 , 9.2 , 3.6 , 0.68 , 0.25 , 2.38 , 2.83 , 4.95 , 5.6 , 6.93 , 8.65 , 6.78 , 7.97 , 9.17 , 4.23 , 0 , 2.2 , 7.67 , 7.55 , 7.48 , 6.93 , 7.98 , 6.35 , 6.17 , 5.3 , 6.35 , 5.13 , 2.83 , 6.62 , 3.23 , 2.68 , 0.22 , 2.97 , 0.47 , 6.78 , 7.95 , 5.33 , 4 , 0.95 , 2.48 , 9.12 , 3.15 , 4.5 , 5.37 , 8.03 , 8.82 , 9.13 , 0.55 , 8.15 , 0 , 
3.33 , 6.13 , 8.92 , 0.83 , 2.23 , 2.9 , 3.25 , 3.4 , 5.05 , 4.92 , 6.58 , 8.32 , 6.88 , 7.62 , 8.8 , 3.57 , 2.17 , 0 , 7.33 , 7.2 , 7.13 , 6.58 , 7.62 , 6 , 5.5 , 5.4 , 6 , 4.47 , 3.4 , 5.95 , 2.57 , 3.13 , 2.25 , 0.22 , 2.5 , 6.88 , 7.62 , 4.67 , 4.58 , 2.05 , 2.35 , 7.3 , 3.92 , 3.85 , 4.7 , 7.37 , 8.15 , 8.78 , 3.47 , 7.52 , 0 , 
7.58 , 2.37 , 0.85 , 7.12 , 7.13 , 7.8 , 6.22 , 4.93 , 2.78 , 2.47 , 0.23 , 0.25 , 2 , 0.2 , 2.4 , 3.92 , 7.67 , 7.38 , 0 , 0.7 , 0.42 , 0.23 , 0.38 , 0.35 , 0.85 , 2.53 , 0.32 , 2.88 , 4.93 , 4.37 , 4.98 , 5.42 , 6.62 , 6.57 , 6.4 , 0.67 , 0.55 , 3.07 , 3.782 , 6.25 , 5.65 , 6.57 , 5.53 , 4.32 , 4.07 , 3.78 , 3.5 , 2.37 , 8.35 , 5.62 , 0 , 
7.48 , 2.42 , 2.23 , 6.98 , 7.03 , 7.68 , 6.12 , 4.82 , 2.68 , 2.35 , 0.63 , 0.68 , 2.07 , 0.6 , 0.8 , 3.78 , 7.55 , 7.25 , 0.7 , 0 , 0.57 , 0.63 , 0.78 , 0.25 , 0.72 , 2.42 , 0.22 , 2.75 , 4.83 , 4.27 , 4.85 , 5.32 , 6.52 , 6.43 , 6.28 , 0.73 , 0 , 2.93 , 3.68 , 6.12 , 5.52 , 5.97 , 5.43 , 4.18 , 3.93 , 3.18 , 2.9 , 0.78 , 8.25 , 5 , 0 , 
7.4 , 2.17 , 0.95 , 6.93 , 6.95 , 7.6 , 6.03 , 4.75 , 2.6 , 2.282 , 0.08 , 0.42 , 0.8 , 0.08 , 2.27 , 3.7 , 7.48 , 7.13 , 0.42 , 0.57 , 0 , 0.08 , 0.23 , 0.18 , 0.68 , 2.35 , 0.15 , 2.72 , 4.77 , 4.2 , 4.82 , 5.25 , 6.45 , 6.4 , 6.23 , 0.5 , 0.68 , 2.9 , 3.62 , 6.07 , 5.48 , 6.42 , 5.37 , 4.13 , 3.9 , 3.65 , 3.35 , 2.23 , 8.18 , 5.47 , 0 , 
6.87 , 2.53 , 2.77 , 6.37 , 6.4 , 7.07 , 5.48 , 4.2 , 2.05 , 0.73 , 0 , 2.23 , 2.17 , 0.05 , 2.25 , 3.13 , 6.93 , 6.58 , 0.23 , 0.63 , 0.08 , 0 , 0.07 , 0.62 , 0.08 , 0.78 , 0.58 , 2.12 , 4.2 , 3.62 , 4.22 , 4.68 , 5.88 , 5.8 , 5.65 , 0.82 , 0.5 , 2.3 , 3.05 , 5.48 , 4.88 , 5.95 , 4.8 , 3.55 , 3.3 , 3.17 , 2.88 , 2.2 , 7.62 , 5 , 0 , 
7.9 , 3.1 , 2.9 , 7.42 , 7.45 , 8.1 , 6.53 , 5.25 , 3.1 , 2.77 , 0.07 , 2.37 , 2.73 , 0.83 , 2.03 , 4.18 , 7.98 , 7.62 , 0.38 , 0.78 , 0.27 , 0.07 , 0 , 0.67 , 2.13 , 2.83 , 0.63 , 3.17 , 5.25 , 3.65 , 5.27 , 5.73 , 6.92 , 6.85 , 6.7 , 2.42 , 0.68 , 3.35 , 4.1 , 6.52 , 5.93 , 5.22 , 5.85 , 4.6 , 4.35 , 2.43 , 2.13 , 2.03 , 8.67 , 4.25 , 0 , 
6.28 , 0.95 , 2.88 , 5.8 , 5.82 , 6.48 , 4.92 , 3.62 , 0.47 , 0.17 , 0.62 , 2.35 , 0.68 , 0.65 , 2.83 , 2.58 , 6.35 , 6 , 0.35 , 0.25 , 0.15 , 0.62 , 0.65 , 0 , 0.52 , 0.2 , 0.03 , 0.55 , 3.62 , 3.05 , 3.65 , 4.1 , 5.3 , 5.23 , 5.07 , 0.33 , 0.63 , 0.73 , 2.47 , 4.92 , 4.33 , 5.53 , 4.22 , 2.98 , 2.73 , 2.87 , 3.17 , 2.82 , 7.03 , 4.58 , 0 , 
6.43 , 2.17 , 3.38 , 5.3 , 5.88 , 6.55 , 5.07 , 3.78 , 0.68 , 0.65 , 0.08 , 2.85 , 2.18 , 2.12 , 3.3 , 2.07 , 6.17 , 5.5 , 0.85 , 0.72 , 0.65 , 0.08 , 2.12 , 0.52 , 0 , 0.38 , 0.52 , 0.03 , 3.77 , 2.53 , 3.13 , 4 , 5.45 , 4.72 , 5.23 , 0.83 , 2.12 , 0.22 , 2.62 , 4.4 , 3.82 , 5 , 4.37 , 2.47 , 2.22 , 2.35 , 2.63 , 3.28 , 7.13 , 4.07 , 0 , 
5.22 , 0.83 , 4.05 , 5.18 , 4.77 , 5.43 , 3.85 , 2.58 , 0.38 , 0.35 , 0.78 , 3.52 , 0.57 , 2.82 , 4 , 2.43 , 5.3 , 5.4 , 2.53 , 2.42 , 2.32 , 0.78 , 2.82 , 0.2 , 0.4 , 0 , 0.2 , 0.73 , 2.55 , 3.22 , 2.98 , 3.03 , 4.23 , 4.57 , 4 , 0.55 , 2.8 , 0.73 , 0.4 , 4.23 , 3.65 , 5.72 , 3.15 , 2.8 , 2.92 , 3.73 , 4.03 , 3.98 , 5.97 , 4.75 , 0 , 
6.28 , 0.97 , 2.85 , 5.82 , 5.83 , 6.48 , 4.92 , 3.63 , 0.48 , 0.17 , 0.58 , 2.32 , 0.65 , 0.62 , 2.82 , 2.58 , 6.35 , 6 , 0.32 , 0.22 , 0.12 , 0.58 , 0.63 , 0.03 , 0.53 , 0.2 , 0 , 0.57 , 3.62 , 3.05 , 3.67 , 4.1 , 5.3 , 5.25 , 5.08 , 0.3 , 0.6 , 0.75 , 2.47 , 4.92 , 4.33 , 5.55 , 4.22 , 2.98 , 2.75 , 2.87 , 3.17 , 2.8 , 7.03 , 4.58 , 0 , 
5.38 , 2.5 , 4.42 , 4.27 , 4.85 , 5.52 , 4.28 , 3.35 , 0.48 , 0.42 , 2.12 , 3.88 , 3.22 , 3.15 , 4.33 , 0.03 , 5.13 , 4.47 , 2.88 , 2.75 , 2.68 , 2.12 , 3.15 , 0.55 , 0.05 , 0.73 , 0.55 , 0 , 3.32 , 0.5 , 2.05 , 2.93 , 4.37 , 3.63 , 4.15 , 2.87 , 3.15 , 0 , 2.4 , 3.32 , 2.73 , 3.98 , 3.92 , 0.43 , 0.18 , 2.9 , 3.68 , 4.32 , 6.05 , 3.03 , 0 , 
2.77 , 3.32 , 6.47 , 3.32 , 2.3 , 2.97 , 0.33 , 0 , 2.22 , 3.15 , 4.2 , 5.93 , 4.03 , 5.23 , 6.42 , 2.43 , 2.83 , 3.4 , 4.93 , 4.83 , 4.75 , 4.2 , 5.25 , 3.62 , 3.78 , 2.58 , 3.63 , 3.35 , 0 , 4.85 , 0.45 , 0.6 , 0.78 , 2.73 , 0.57 , 4.05 , 5.22 , 2.65 , 0.28 , 0.87 , 0.45 , 7.33 , 0.63 , 2.73 , 3.58 , 6.13 , 6.42 , 6.4 , 3.53 , 6.38 , 0 , 
6.87 , 3.98 , 5.9 , 5.75 , 6.35 , 7 , 5.77 , 4.85 , 2.97 , 0.92 , 3.62 , 5.37 , 4.72 , 4.48 , 5.67 , 2.52 , 6.62 , 5.95 , 4.37 , 4.27 , 4.15 , 3.6 , 3.63 , 3.03 , 2.52 , 3.22 , 3.03 , 0.48 , 4.8 , 0 , 3.53 , 4.4 , 5.85 , 5.12 , 5.63 , 4.33 , 4.63 , 2.47 , 3.87 , 4.8 , 4.2 , 2.58 , 5.4 , 2.9 , 2.65 , 0.47 , 2.43 , 5.62 , 7.52 , 0.62 , 0 , 
3.48 , 3.75 , 6.52 , 2.35 , 2.95 , 3.6 , 2.38 , 0.45 , 2.65 , 2.52 , 4.22 , 5.98 , 4.47 , 5.25 , 6.43 , 0.17 , 3.23 , 2.57 , 4.98 , 4.85 , 4.82 , 4.22 , 5.27 , 3.65 , 3.13 , 2.98 , 3.67 , 2.05 , 0.45 , 3.53 , 0 , 0.03 , 2.47 , 0.73 , 2.25 , 4.47 , 5.2 , 2.25 , 0.73 , 0.42 , 0.83 , 6.03 , 2 , 0.43 , 2.28 , 4.95 , 5.73 , 6.37 , 4.15 , 5.07 , 0 , 
2.6 , 3.8 , 6.95 , 2.93 , 2.15 , 2.82 , 0.52 , 0.6 , 2.7 , 3.4 , 4.68 , 6.42 , 4.52 , 5.72 , 6.9 , 2.05 , 2.68 , 3.13 , 5.42 , 5.32 , 5.25 , 4.68 , 5.73 , 4.1 , 4 , 3.03 , 4.1 , 2.93 , 0.6 , 4.4 , 0.05 , 0 , 0.62 , 2.33 , 0.4 , 4.53 , 5.7 , 3.12 , 0.77 , 0.65 , 0.07 , 6.93 , 0.18 , 2.33 , 3.2 , 5.87 , 6.63 , 6.88 , 3.35 , 5.98 , 0 , 
0.22 , 5 , 8.15 , 3.4 , 0.68 , 0.33 , 0.35 , 0.78 , 3.9 , 4.83 , 5.88 , 7.62 , 5.72 , 6.9 , 8.1 , 3.48 , 0.22 , 2.25 , 6.62 , 6.52 , 6.45 , 5.88 , 6.92 , 5.3 , 5.45 , 4.23 , 5.3 , 4.37 , 0.78 , 5.85 , 2.52 , 0.63 , 0 , 2.78 , 0.42 , 5.73 , 6.92 , 4.33 , 2.97 , 0.23 , 0.77 , 8.4 , 2.1 , 3.78 , 4.65 , 7.32 , 8.12 , 8.1 , 0.92 , 7.43 , 0 , 
3.85 , 5.33 , 8.1 , 0.63 , 2.8 , 3.45 , 3.55 , 2.73 , 4.23 , 4.1 , 5.8 , 7.57 , 6.05 , 6.83 , 8 , 2.75 , 2.97 , 0.22 , 6.57 , 6.43 , 6.4 , 5.8 , 6.85 , 5.23 , 4.72 , 4.57 , 5.25 , 3.63 , 2.73 , 5.12 , 0.75 , 2.32 , 2.78 , 0 , 2.92 , 6.07 , 6.8 , 3.85 , 3.43 , 0.83 , 0.53 , 7.33 , 3.32 , 3.03 , 3.88 , 6.55 , 7.33 , 7.97 , 4 , 6.67 , 0 , 
0.38 , 4.77 , 7.93 , 3.52 , 0.93 , 0.6 , 0.12 , 0.57 , 3.67 , 4.62 , 5.65 , 7.4 , 5.5 , 6.68 , 7.88 , 3.27 , 0.47 , 2.5 , 6.4 , 6.28 , 6.23 , 5.65 , 6.7 , 5.07 , 5.23 , 4 , 5.08 , 4.15 , 0.57 , 5.63 , 2.28 , 0.4 , 0.42 , 2.92 , 0 , 5.5 , 6.68 , 4.1 , 2.73 , 0.12 , 0.65 , 8.17 , 0.87 , 3.55 , 4.42 , 7.08 , 7.88 , 7.87 , 2.15 , 7.2 , 0 , 
6.7 , 0.75 , 3.2 , 6.67 , 6.25 , 6.9 , 5.33 , 4.05 , 0.9 , 2.467 , 0.82 , 2.67 , 0.38 , 2.23 , 3.43 , 3.92 , 6.78 , 6.88 , 0.67 , 0.73 , 0.5 , 0.82 , 2.42 , 0.33 , 0.83 , 0.55 , 0.3 , 2.87 , 4.05 , 4.33 , 4.47 , 4.53 , 5.72 , 6.05 , 5.5 , 0 , 0.93 , 2.23 , 2.9 , 5.73 , 5.15 , 6.85 , 4.65 , 4.3 , 4.05 , 4.18 , 4.47 , 3.38 , 7.47 , 5.9 , 0 , 
7.88 , 2.57 , 0.28 , 7.42 , 7.43 , 8.08 , 6.52 , 5.22 , 3.07 , 2.77 , 0.5 , 0.73 , 2.28 , 0.5 , 2.68 , 4.18 , 7.95 , 7.62 , 0.55 , 0 , 0.68 , 0.5 , 0.68 , 0.63 , 2.12 , 2.8 , 0.6 , 3.15 , 5.22 , 4.63 , 5.28 , 5.72 , 6.92 , 6.87 , 6.7 , 0.97 , 0 , 3.37 , 4.1 , 6.55 , 5.95 , 6.87 , 5.85 , 4.62 , 4.37 , 4.08 , 3.8 , 2.68 , 8.67 , 5.92 , 0 , 
5.3 , 0.5 , 4.6 , 4.47 , 4.85 , 5.5 , 3.93 , 2.65 , 0.5 , 0.6 , 2.3 , 4.07 , 2.23 , 3.33 , 4.52 , 0.7 , 5.33 , 4.67 , 3.07 , 2.93 , 2.9 , 2.3 , 3.35 , 0.73 , 0.22 , 0.73 , 0.75 , 0 , 2.65 , 2.47 , 2.25 , 3.12 , 4.32 , 3.83 , 4.08 , 2.23 , 3.33 , 0 , 0.48 , 3.52 , 2.92 , 4.97 , 3.23 , 2.07 , 2.17 , 3.55 , 3.85 , 4.48 , 6.05 , 4 , 0 , 
3.93 , 2.17 , 5.32 , 4.05 , 3.48 , 4.15 , 2.57 , 0.28 , 0.07 , 2 , 3.05 , 4.78 , 2.88 , 4.08 , 5.27 , 0.78 , 4 , 4.58 , 3.782 , 3.68 , 3.62 , 3.05 , 4.1 , 2.47 , 2.62 , 0.4 , 2.47 , 2.4 , 0.28 , 3.87 , 0.73 , 0.78 , 2.98 , 3.45 , 2.77 , 2.9 , 4.07 , 0.5 , 0 , 3.07 , 2.65 , 6.38 , 0.9 , 2.17 , 2.9 , 4.98 , 5.27 , 5.25 , 4.72 , 5.43 , 0 , 
2.27 , 5 , 7.77 , 2.43 , 0.67 , 2.32 , 0.7 , 0.87 , 3.9 , 3.78 , 5.48 , 7.23 , 5.73 , 6.52 , 7.7 , 2.43 , 0.95 , 2.05 , 6.25 , 6.12 , 6.07 , 5.48 , 6.52 , 4.92 , 4.4 , 4.23 , 4.92 , 3.32 , 0.87 , 4.8 , 0.43 , 0.63 , 0.23 , 0.83 , 0.1 , 5.75 , 6.48 , 3.53 , 3.05 , 0 , 0.7 , 7.32 , 2.37 , 2.72 , 3.57 , 6.23 , 7 , 7.65 , 2.87 , 6.37 , 0 , 
2.8 , 4.42 , 7.18 , 2.13 , 2.22 , 2.87 , 2.17 , 0.45 , 3.32 , 3.2 , 4.88 , 6.65 , 5.13 , 5.92 , 7.12 , 0.85 , 2.48 , 2.35 , 5.65 , 5.52 , 5.48 , 4.88 , 5.93 , 4.33 , 3.82 , 3.65 , 4.33 , 2.73 , 0.45 , 4.2 , 0.83 , 0.07 , 0.77 , 0.53 , 0.65 , 5.15 , 5.95 , 2.92 , 2.65 , 0.7 , 0 , 6.72 , 2.03 , 2.12 , 2.97 , 5.63 , 6.42 , 7.05 , 3.42 , 5.77 , 0 , 
9.37 , 6.47 , 8.1 , 7.23 , 8.83 , 9.48 , 8.27 , 7.33 , 5.47 , 4.4 , 5.95 , 7.57 , 7.2 , 6.03 , 7.22 , 5 , 9.12 , 7.3 , 6.57 , 5.97 , 6.42 , 5.95 , 5.22 , 5.53 , 5 , 5.72 , 5.55 , 3.98 , 7.33 , 2.58 , 6.03 , 6.93 , 8.4 , 7.33 , 8.17 , 6.85 , 6.87 , 4.97 , 6.38 , 7.32 , 6.7 , 0 , 7.88 , 5.4 , 4.15 , 2.85 , 4 , 7.18 , 10 , 2.27 , 0 , 
3.07 , 3.95 , 7.07 , 3.92 , 2.62 , 3.27 , 0.77 , 0.63 , 2.82 , 3.75 , 4.8 , 6.53 , 4.63 , 5.83 , 7 , 3.03 , 3.15 , 3.92 , 5.53 , 5.43 , 5.37 , 4.8 , 5.85 , 4.22 , 4.37 , 3.15 , 4.22 , 3.92 , 0.63 , 5.4 , 2 , 0.18 , 2.1 , 3.32 , 0.87 , 4.65 , 5.85 , 3.23 , 0.9 , 2.37 , 2.05 , 7.93 , 0 , 3.33 , 4.18 , 6.73 , 7.03 , 7 , 3.85 , 6.98 , 0 , 
4.75 , 3.57 , 5.83 , 3.63 , 4.23 , 4.88 , 3.65 , 2.73 , 2.47 , 0.85 , 3.55 , 5.3 , 4.3 , 4.58 , 5.77 , 0.5 , 4.5 , 3.85 , 4.32 , 4.18 , 4.13 , 3.55 , 4.6 , 2.98 , 2.47 , 2.8 , 2.98 , 0.43 , 2.73 , 2.9 , 0.43 , 2.33 , 3.78 , 3.03 , 3.55 , 4.3 , 4.62 , 2.07 , 2.17 , 2.72 , 2.08 , 5.4 , 3.28 , 0 , 0.65 , 4.32 , 5.1 , 5.73 , 5.4 , 4.45 , 0 , 
5.62 , 3.68 , 5.6 , 4.5 , 5.08 , 5.75 , 4.52 , 3.58 , 2.67 , 0.6 , 3.3 , 5.07 , 4.4 , 4.33 , 5.52 , 0.27 , 5.37 , 4.7 , 4.07 , 3.93 , 3.9 , 3.3 , 4.35 , 2.73 , 2.22 , 2.92 , 2.75 , 0.18 , 3.58 , 2.65 , 2.28 , 3.2 , 4.65 , 3.88 , 4.42 , 4.05 , 4.37 , 2.17 , 2.9 , 3.57 , 2.95 , 4.15 , 4.15 , 0.65 , 0 , 4.08 , 4.85 , 5.48 , 6.27 , 4.22 , 0 , 
8.28 , 4.5 , 5.32 , 7.17 , 7.75 , 8.42 , 7.18 , 6.13 , 4 , 3 , 3.17 , 4.78 , 4.52 , 3.25 , 4.45 , 3.93 , 8.03 , 7.37 , 3.78 , 3.18 , 3.65 , 3.17 , 2.43 , 2.87 , 2.35 , 3.73 , 2.87 , 2.9 , 6.13 , 0.47 , 4.95 , 5.87 , 7.32 , 6.55 , 7.08 , 4.18 , 4.08 , 3.55 , 4.98 , 6.23 , 5.63 , 2.85 , 6.73 , 4.33 , 4.07 , 0 , 0.23 , 4.4 , 8.95 , 0.9 , 0 , 
9.08 , 4.8 , 5.03 , 7.93 , 8.53 , 9.18 , 7.72 , 6.42 , 4.32 , 3.3 , 2.88 , 4.48 , 4.82 , 2.97 , 4.15 , 4.7 , 8.82 , 8.15 , 3.5 , 2.9 , 3.35 , 2.88 , 2.13 , 3.17 , 2.63 , 4.03 , 3.17 , 3.68 , 6.42 , 2.43 , 5.73 , 6.63 , 8.12 , 7.33 , 7.88 , 4.47 , 3.8 , 3.85 , 5.27 , 7 , 6.42 , 3.97 , 6.98 , 5.07 , 4.83 , 0.18 , 0 , 4.15 , 9.73 , 3 , 0 , 
9.07 , 4.1 , 3.9 , 8.57 , 8.62 , 9.27 , 7.7 , 6.4 , 4.25 , 3.93 , 2.2 , 3.37 , 3.73 , 0.25 , 0.1 , 5.35 , 9.13 , 8.78 , 2.37 , 0.78 , 2.23 , 2.2 , 2.03 , 2.82 , 3.28 , 3.98 , 2.8 , 4.32 , 6.4 , 5.62 , 6.37 , 6.88 , 8.1 , 7.97 , 7.87 , 3.38 , 2.68 , 4.48 , 5.25 , 7.65 , 7.08 , 7.18 , 6.98 , 5.73 , 5.48 , 4.42 , 4.12 , 0 , 9.8 , 6.23 , 0 , 
2.35 , 6.73 , 9.88 , 4.63 , 0.43 , 0.88 , 3.08 , 3.53 , 5.63 , 6.52 , 7.62 , 9.35 , 7.45 , 8.65 , 9.83 , 5.17 , 0.55 , 3.47 , 8.35 , 8.25 , 8.18 , 7.62 , 8.67 , 7.03 , 7.13 , 5.97 , 7.03 , 6.05 , 3.53 , 7.52 , 4.15 , 3.35 , 0.92 , 4 , 2.15 , 7.47 , 8.67 , 6.05 , 4.72 , 2.87 , 3.42 , 10.03 , 3.82 , 5.43 , 6.28 , 8.95 , 9.73 , 9.8 , 0 , 9.08 , 0 , 
8.4 , 5.52 , 7.13 , 7.28 , 7.88 , 8.53 , 7.3 , 6.38 , 4.5 , 3.45 , 5 , 6.6 , 6.25 , 5.07 , 6.27 , 4.05 , 8.15 , 7.52 , 5.62 , 5 , 5.47 , 5 , 4.25 , 4.58 , 4.07 , 4.75 , 4.58 , 3.03 , 6.38 , 0.62 , 5.07 , 5.98 , 7.43 , 6.67 , 7.2 , 5.9 , 5.92 , 4 , 5.43 , 6.37 , 5.73 , 2.27 , 6.93 , 4.43 , 4.18 , 0.9 , 3.05 , 6.22 , 9.07 , 0 , 0 , 
0 , 0 , 0 , 0 , 0 , 0 , 0 , 0 , 0 , 0 , 0 , 0 , 0 , 0 , 0 , 0 , 0 , 0 , 0 , 0 , 0 , 0 , 0 , 0 , 0 , 0 , 0 , 0 , 0 , 0 , 0 , 0 , 0 , 0 , 0 , 0 , 0 , 0 , 0 , 0 , 0 , 0 , 0 , 0 , 0 , 0 , 0 , 0 , 0 , 0 , 0 , 
Distances: 
0 , 471.902 , 697.637 , 316.381 , 107.993 , 65.077 , 179.968 , 227.772 , 391.247 , 454.752 , 535.149 , 658.64 , 512.191 , 595.409 , 673.318 , 351.352 , 148.768 , 241.94 , 581.504 , 570.322 , 570.747 , 535.149 , 600.744 , 497.656 , 502.148 , 414.611 , 498.278 , 421.95 , 227.772 , 526.667 , 271.192 , 213.328 , 94.047 , 278.387 , 108.48 , 514.904 , 611.501 , 422.483 , 315.416 , 166.171 , 203.918 , 659.009 , 232.583 , 355.59 , 436.478 , 583.287 , 674.641 , 670.984 , 126.451 , 632.73 , 0 , 
469.715 , 0 , 253.465 , 406.626 , 425.865 , 486.856 , 340.945 , 245.238 , 79.673 , 145.634 , 161.954 , 211.385 , 45.833 , 199.422 , 277.331 , 224.831 , 466.087 , 410.44 , 153.808 , 165.586 , 143.052 , 161.954 , 201.263 , 138.557 , 152.721 , 54.72 , 139.179 , 176.137 , 245.238 , 280.854 , 262.305 , 272.447 , 381.939 , 368.631 , 365.956 , 48.545 , 167.329 , 105.678 , 158.034 , 359.896 , 313.919 , 413.196 , 290.749 , 248.35 , 259.098 , 308.116 , 325.214 , 274.997 , 539.68 , 386.917 , 0 , 
697.772 , 254.216 , 0 , 597.342 , 653.921 , 714.913 , 565.531 , 473.294 , 307.729 , 282.388 , 190.663 , 134.26 , 243.684 , 191.02 , 268.929 , 388.748 , 694.143 , 601.157 , 121.881 , 157.184 , 133.317 , 190.663 , 208.967 , 200.159 , 234.93 , 286.421 , 199.419 , 313.513 , 473.294 , 418.23 , 453.021 , 500.503 , 609.995 , 559.348 , 594.012 , 222.407 , 87.121 , 322.114 , 386.09 , 550.613 , 504.635 , 441.528 , 516.174 , 412.267 , 396.474 , 335.761 , 313.797 , 266.594 , 767.736 , 415.248 , 0 , 
312.94 , 409.028 , 612.475 , 0 , 225.546 , 286.537 , 267.856 , 211.195 , 328.373 , 315.358 , 447.18 , 573.479 , 449.317 , 507.44 , 585.349 , 228.484 , 241.517 , 110.225 , 496.342 , 482.353 , 485.586 , 447.18 , 512.774 , 412.494 , 377.786 , 351.737 , 413.116 , 299.081 , 211.195 , 403.798 , 148.324 , 184.706 , 224.708 , 38.032 , 227.751 , 452.03 , 526.339 , 297.496 , 232.467 , 159.004 , 139.118 , 366.238 , 254.075 , 227.65 , 313.61 , 460.418 , 550.279 , 583.015 , 339.361 , 509.861 , 0 , 
107.304 , 428.207 , 653.941 , 227.852 , 0 , 64.627 , 136.272 , 184.076 , 347.551 , 363.016 , 491.453 , 614.944 , 468.495 , 551.714 , 629.623 , 276.143 , 39.441 , 147.365 , 537.808 , 526.627 , 527.051 , 491.453 , 557.048 , 453.96 , 425.445 , 370.915 , 454.582 , 346.74 , 184.076 , 451.457 , 195.982 , 169.633 , 43.403 , 189.858 , 64.784 , 471.208 , 567.805 , 378.787 , 271.72 , 98.931 , 141.106 , 583.799 , 188.887 , 280.381 , 361.268 , 508.077 , 597.938 , 627.288 , 117.45 , 557.52 , 0 , 
61.501 , 488.996 , 714.731 , 288.642 , 64.325 , 0 , 197.062 , 244.866 , 408.341 , 423.806 , 552.243 , 675.734 , 529.285 , 612.504 , 690.413 , 336.932 , 82.759 , 210.724 , 598.598 , 587.417 , 587.841 , 552.243 , 617.838 , 514.75 , 486.235 , 431.705 , 515.372 , 407.53 , 244.866 , 512.247 , 256.772 , 230.422 , 104.193 , 250.648 , 125.574 , 531.998 , 628.595 , 439.577 , 332.51 , 159.721 , 201.896 , 644.589 , 249.677 , 341.17 , 422.058 , 568.867 , 658.728 , 688.078 , 64.755 , 618.31 , 0 , 
180.611 , 339.648 , 565.382 , 269.284 , 136.761 , 197.752 , 0 , 93.635 , 258.992 , 322.498 , 402.895 , 526.385 , 379.936 , 463.155 , 541.064 , 238.823 , 176.983 , 224.37 , 449.249 , 438.068 , 438.492 , 402.895 , 468.489 , 365.401 , 369.893 , 282.356 , 366.023 , 309.421 , 93.635 , 414.137 , 158.663 , 99.779 , 92.834 , 231.29 , 76.852 , 382.649 , 479.246 , 290.228 , 183.161 , 116.868 , 134.611 , 546.48 , 52.677 , 243.061 , 323.949 , 470.757 , 542.386 , 538.729 , 250.575 , 520.2 , 0 , 
227.876 , 247.386 , 473.121 , 210.849 , 184.026 , 245.017 , 93.62 , 0 , 166.731 , 230.237 , 310.633 , 434.124 , 287.675 , 370.893 , 448.803 , 167.695 , 224.248 , 246.708 , 356.988 , 345.807 , 346.231 , 310.633 , 376.228 , 273.14 , 277.632 , 178.411 , 273.762 , 238.293 , 0 , 343.01 , 87.535 , 30.608 , 140.1 , 172.855 , 124.117 , 290.388 , 386.985 , 197.967 , 90.9 , 124.087 , 86.065 , 475.352 , 43.424 , 171.933 , 252.821 , 433.027 , 450.125 , 446.468 , 297.841 , 449.072 , 0 , 
391.518 , 81.891 , 307.626 , 328.429 , 347.668 , 408.659 , 259.278 , 167.04 , 0 , 72.428 , 145.138 , 268.629 , 122.18 , 205.398 , 283.307 , 146.634 , 387.89 , 332.243 , 191.493 , 180.311 , 180.736 , 145.138 , 210.732 , 107.645 , 121.808 , 23.746 , 108.266 , 102.931 , 167.04 , 207.648 , 184.107 , 194.249 , 303.741 , 290.434 , 287.759 , 124.893 , 221.49 , 32.471 , 79.836 , 281.699 , 235.722 , 339.99 , 209.92 , 170.153 , 185.891 , 277.203 , 294.301 , 280.973 , 461.483 , 313.711 , 0 , 
454.835 , 147.926 , 282.957 , 315.225 , 360.695 , 421.687 , 322.595 , 230.357 , 72.468 , 0 , 117.662 , 243.961 , 191.402 , 177.922 , 255.831 , 106.436 , 384.547 , 319.039 , 166.824 , 152.835 , 156.068 , 117.662 , 183.256 , 82.976 , 48.268 , 93.434 , 83.598 , 31.201 , 230.357 , 135.918 , 170.903 , 228.52 , 367.059 , 277.23 , 351.076 , 170.126 , 196.821 , 39.997 , 143.153 , 268.495 , 222.518 , 268.261 , 273.237 , 129.955 , 114.162 , 203.663 , 220.761 , 253.497 , 474.51 , 241.981 , 0 , 
535.149 , 161.954 , 190.663 , 447.18 , 491.453 , 552.243 , 402.895 , 310.633 , 145.138 , 117.662 , 0 , 151.715 , 135.638 , 60.254 , 138.163 , 223.416 , 531.601 , 435.824 , 74.579 , 35.167 , 68.492 , 0 , 66.281 , 37.833 , 69.598 , 123.879 , 37.447 , 148.181 , 310.751 , 252.898 , 287.689 , 337.96 , 447.452 , 394.015 , 431.47 , 114.362 , 104.576 , 156.782 , 223.547 , 385.28 , 339.303 , 279.73 , 353.631 , 246.935 , 231.141 , 173.964 , 151.999 , 135.829 , 605.194 , 253.451 , 0 , 
658.64 , 211.385 , 134.26 , 573.479 , 614.944 , 675.734 , 526.385 , 434.124 , 268.629 , 243.961 , 151.915 , 0 , 204.935 , 152.271 , 230.18 , 350 , 655.395 , 562.408 , 83.132 , 118.435 , 94.568 , 151.915 , 170.218 , 161.411 , 196.181 , 247.672 , 160.67 , 274.764 , 434.545 , 379.481 , 414.272 , 461.754 , 571.246 , 520.599 , 555.264 , 183.659 , 47.874 , 283.366 , 347.341 , 511.864 , 465.887 , 402.779 , 477.425 , 373.518 , 357.725 , 297.012 , 275.048 , 227.846 , 728.987 , 376.499 , 0 , 
512.191 , 45.833 , 243.684 , 449.317 , 468.495 , 529.285 , 379.936 , 287.675 , 122.18 , 191.402 , 135.638 , 204.935 , 0 , 172.899 , 250.808 , 267.336 , 508.591 , 452.945 , 127.285 , 139.063 , 116.528 , 135.43 , 174.739 , 108.751 , 143.522 , 97.224 , 108.01 , 218.641 , 287.742 , 323.358 , 304.809 , 314.951 , 424.443 , 411.136 , 408.46 , 22.022 , 157.282 , 148.182 , 200.538 , 402.401 , 356.423 , 455.701 , 330.622 , 290.854 , 301.602 , 298.917 , 275.801 , 248.473 , 582.184 , 429.421 , 0 , 
595.409 , 199.422 , 191.02 , 507.44 , 551.714 , 612.504 , 463.155 , 370.893 , 205.398 , 177.922 , 58.042 , 152.169 , 173.147 , 0 , 80.349 , 280.772 , 588.957 , 493.18 , 75.033 , 35.621 , 68.946 , 58.042 , 58.512 , 95.189 , 126.954 , 181.235 , 94.803 , 205.537 , 368.107 , 234.155 , 345.045 , 395.316 , 504.808 , 451.371 , 488.826 , 151.871 , 105.03 , 214.138 , 280.903 , 442.636 , 396.659 , 291.073 , 410.987 , 304.291 , 288.497 , 185.306 , 163.342 , 78.014 , 662.55 , 264.793 , 0 , 
673.318 , 277.331 , 268.929 , 585.349 , 629.623 , 690.413 , 541.064 , 448.803 , 283.307 , 255.831 , 135.987 , 230.114 , 251.092 , 80.384 , 0 , 358.717 , 666.901 , 571.125 , 152.977 , 113.565 , 146.89 , 135.987 , 136.457 , 173.134 , 204.898 , 259.179 , 172.748 , 283.481 , 446.052 , 312.099 , 422.989 , 473.261 , 582.753 , 529.316 , 566.77 , 229.816 , 182.974 , 292.083 , 358.848 , 520.581 , 474.604 , 369.018 , 488.932 , 382.235 , 366.442 , 263.251 , 241.287 , 4.53 , 740.494 , 342.738 , 0 , 
351.352 , 224.831 , 388.748 , 228.484 , 276.143 , 336.932 , 238.823 , 167.695 , 146.634 , 106.436 , 223.105 , 349.404 , 267.462 , 283.365 , 361.274 , 0 , 297.726 , 232.218 , 272.268 , 258.279 , 261.511 , 223.105 , 288.7 , 188.42 , 153.712 , 169.882 , 189.042 , 75.007 , 168.188 , 179.724 , 84.082 , 141.699 , 263.568 , 190.409 , 247.585 , 270.175 , 302.265 , 115.641 , 122.431 , 181.674 , 135.697 , 312.066 , 211.067 , 27.104 , 89.535 , 236.344 , 326.205 , 358.94 , 387.689 , 285.786 , 0 , 
148.768 , 466.087 , 694.143 , 241.517 , 39.441 , 82.759 , 176.983 , 224.248 , 387.89 , 384.547 , 531.49 , 654.981 , 508.532 , 591.75 , 669.659 , 297.091 , 0 , 129.453 , 577.844 , 566.663 , 567.088 , 531.49 , 597.084 , 493.996 , 446.393 , 410.952 , 494.618 , 367.688 , 224.113 , 472.405 , 216.931 , 209.669 , 83.439 , 203.235 , 104.82 , 511.244 , 607.841 , 366.103 , 311.756 , 119.879 , 162.054 , 604.748 , 228.923 , 301.329 , 382.217 , 529.025 , 618.886 , 667.325 , 90.762 , 578.468 , 0 , 
241.94 , 410.44 , 601.157 , 110.225 , 147.365 , 210.724 , 224.37 , 246.708 , 332.243 , 319.039 , 451.001 , 577.3 , 453.138 , 511.261 , 589.17 , 232.305 , 128.939 , 0 , 500.163 , 486.174 , 489.407 , 451.001 , 516.595 , 416.315 , 381.607 , 355.558 , 416.937 , 302.902 , 246.336 , 407.619 , 152.145 , 188.527 , 150.207 , 72.224 , 171.588 , 455.851 , 530.16 , 301.317 , 333.979 , 137.1 , 142.939 , 374.444 , 245.905 , 231.471 , 317.431 , 464.239 , 554.1 , 586.836 , 263.786 , 430.559 , 0 , 
581.504 , 153.808 , 121.881 , 496.342 , 537.808 , 598.598 , 449.249 , 356.988 , 191.493 , 166.824 , 74.507 , 80.893 , 127.527 , 74.863 , 152.772 , 272.592 , 577.987 , 485 , 0 , 41.028 , 17.16 , 74.507 , 92.811 , 84.003 , 118.774 , 170.265 , 83.263 , 197.357 , 357.138 , 302.074 , 336.865 , 384.347 , 493.839 , 443.191 , 477.856 , 106.251 , 33.754 , 205.958 , 269.934 , 434.457 , 388.479 , 325.372 , 400.017 , 296.111 , 280.317 , 219.605 , 197.64 , 150.438 , 651.58 , 299.092 , 0 , 
570.322 , 165.586 , 157.184 , 482.353 , 526.627 , 587.417 , 438.068 , 345.807 , 180.311 , 152.835 , 35.138 , 118.257 , 139.236 , 35.495 , 113.404 , 258.56 , 566.745 , 470.969 , 41.121 , 0 , 35.034 , 35.138 , 53.442 , 72.978 , 104.742 , 159.023 , 72.592 , 183.325 , 345.896 , 254.253 , 322.833 , 373.105 , 482.597 , 429.16 , 466.614 , 117.96 , 71.118 , 191.927 , 258.692 , 420.425 , 374.447 , 286.003 , 388.776 , 282.079 , 266.286 , 180.236 , 158.272 , 111.069 , 640.338 , 259.723 , 0 , 
570.747 , 143.052 , 133.317 , 485.586 , 527.051 , 587.841 , 438.492 , 346.231 , 180.736 , 156.068 , 68.492 , 94.568 , 116.528 , 68.946 , 146.89 , 261.511 , 567.088 , 489.407 , 17.16 , 35.034 , 0 , 68.582 , 86.885 , 73.063 , 107.833 , 159.325 , 72.322 , 186.417 , 346.197 , 291.133 , 325.924 , 373.406 , 482.898 , 432.251 , 466.916 , 95.311 , 47.033 , 195.018 , 258.993 , 423.516 , 377.539 , 319.446 , 389.077 , 285.17 , 269.377 , 213.679 , 191.715 , 144.513 , 640.64 , 293.166 , 0 , 
535.149 , 161.954 , 190.663 , 447.18 , 491.453 , 552.243 , 402.895 , 310.633 , 145.138 , 117.662 , 0 , 151.915 , 135.43 , 58.042 , 135.987 , 223.105 , 531.49 , 451.001 , 74.507 , 35.138 , 68.492 , 0 , 66.281 , 37.833 , 69.598 , 123.879 , 37.447 , 148.181 , 310.751 , 252.898 , 287.689 , 337.96 , 447.452 , 394.015 , 431.47 , 114.362 , 104.576 , 156.782 , 223.547 , 385.28 , 339.303 , 279.73 , 353.631 , 246.935 , 231.141 , 173.964 , 151.999 , 135.829 , 605.194 , 253.451 , 0 , 
600.744 , 201.263 , 208.967 , 512.774 , 557.048 , 617.838 , 468.489 , 376.228 , 210.732 , 183.256 , 66.281 , 170.218 , 174.739 , 58.512 , 136.457 , 288.7 , 597.084 , 516.595 , 92.811 , 53.442 , 86.836 , 66.257 , 0 , 103.404 , 135.168 , 189.449 , 103.018 , 213.751 , 376.322 , 175.879 , 353.259 , 403.531 , 513.023 , 459.586 , 497.04 , 153.677 , 122.921 , 222.353 , 289.118 , 450.851 , 404.874 , 232.798 , 419.202 , 312.505 , 296.712 , 127.031 , 105.067 , 134.139 , 670.764 , 206.518 , 0 , 
497.656 , 138.557 , 200.159 , 412.494 , 453.96 , 514.75 , 365.401 , 273.14 , 107.645 , 82.976 , 37.833 , 161.411 , 108.751 , 95.189 , 173.134 , 188.42 , 493.996 , 416.315 , 84.003 , 72.978 , 73.428 , 37.83 , 103.424 , 0 , 34.891 , 86.382 , 0.958 , 113.474 , 273.255 , 218.191 , 252.982 , 300.464 , 409.956 , 359.309 , 393.973 , 87.486 , 114.181 , 122.075 , 186.051 , 350.574 , 304.596 , 350.533 , 316.135 , 212.228 , 196.435 , 190.286 , 207.384 , 173.665 , 567.697 , 324.254 , 0 , 
502.148 , 152.721 , 234.93 , 377.786 , 425.445 , 486.235 , 369.893 , 277.632 , 121.808 , 48.268 , 69.598 , 196.181 , 143.522 , 126.954 , 204.898 , 153.712 , 446.393 , 381.607 , 118.774 , 104.742 , 108.008 , 69.602 , 135.196 , 34.916 , 0 , 100.515 , 35.538 , 78.685 , 277.646 , 183.401 , 218.192 , 275.809 , 414.347 , 324.519 , 398.365 , 122.065 , 148.761 , 87.286 , 190.442 , 315.784 , 269.807 , 315.744 , 320.526 , 177.438 , 161.645 , 155.388 , 172.486 , 205.437 , 521.799 , 289.464 , 0 , 
414.611 , 54.72 , 286.421 , 351.737 , 370.915 , 431.705 , 282.356 , 178.411 , 23.746 , 93.434 , 123.879 , 247.672 , 97.224 , 181.235 , 259.179 , 169.882 , 410.952 , 355.558 , 170.265 , 159.023 , 159.369 , 123.771 , 189.366 , 86.278 , 100.442 , 0 , 86.9 , 123.858 , 192.958 , 228.575 , 210.025 , 220.167 , 329.659 , 316.352 , 313.677 , 99.836 , 200.123 , 53.398 , 105.754 , 307.617 , 261.64 , 360.917 , 235.838 , 196.071 , 206.819 , 255.837 , 272.935 , 259.606 , 487.401 , 334.638 , 0 , 
498.278 , 139.179 , 199.419 , 413.116 , 454.582 , 515.372 , 366.023 , 273.762 , 108.266 , 83.598 , 37.447 , 160.67 , 108.01 , 94.803 , 172.748 , 189.042 , 494.618 , 416.937 , 83.263 , 72.592 , 72.47 , 37.404 , 102.998 , 0.74 , 35.511 , 87.002 , 0 , 114.094 , 273.875 , 218.811 , 253.602 , 301.084 , 410.576 , 359.929 , 394.593 , 86.527 , 113.223 , 122.696 , 186.671 , 351.194 , 305.217 , 351.154 , 316.755 , 212.848 , 197.055 , 190.906 , 208.004 , 173.239 , 568.317 , 324.874 , 0 , 
421.95 , 176.137 , 313.513 , 299.081 , 346.74 , 407.53 , 309.421 , 238.293 , 102.931 , 31.201 , 148.181 , 274.764 , 218.641 , 205.537 , 283.481 , 186.613 , 75.007 , 367.688 , 302.902 , 197.357 , 183.325 , 148.207 , 213.801 , 113.521 , 78.813 , 123.913 , 114.143 , 0 , 238.65 , 104.825 , 154.545 , 212.161 , 334.03 , 260.872 , 318.048 , 200.671 , 227.366 , 70.476 , 173.632 , 252.137 , 206.159 , 237.168 , 281.53 , 98.754 , 82.961 , 161.445 , 251.306 , 284.042 , 458.152 , 210.888 , 0 , 
227.772 , 245.238 , 473.294 , 211.195 , 184.076 , 244.866 , 93.635 , 0 , 167.04 , 230.357 , 310.751 , 434.545 , 287.742 , 368.107 , 446.052 , 168.188 , 224.113 , 246.336 , 357.138 , 345.896 , 346.231 , 310.633 , 376.228 , 273.14 , 277.632 , 178.411 , 273.762 , 238.293 , 0 , 343.01 , 87.535 , 30.608 , 140.1 , 172.855 , 124.117 , 290.388 , 386.985 , 197.967 , 90.9 , 124.087 , 86.065 , 475.352 , 43.424 , 171.933 , 252.821 , 433.027 , 450.125 , 446.468 , 297.841 , 449.072 , 0 , 
526.667 , 280.854 , 418.23 , 403.798 , 451.457 , 512.247 , 414.137 , 343.01 , 207.648 , 135.918 , 252.898 , 379.481 , 323.358 , 234.155 , 312.099 , 179.724 , 472.405 , 407.619 , 302.074 , 254.253 , 291.851 , 253.446 , 175.793 , 218.76 , 184.052 , 229.152 , 219.382 , 105.239 , 343.889 , 0 , 259.784 , 317.4 , 439.269 , 366.111 , 423.287 , 305.909 , 332.605 , 175.714 , 278.871 , 357.376 , 311.398 , 134.326 , 386.769 , 203.992 , 160.823 , 57.928 , 120.967 , 309.696 , 563.39 , 108.046 , 0 , 
271.192 , 262.305 , 453.021 , 148.324 , 195.982 , 256.772 , 158.663 , 87.535 , 184.107 , 170.903 , 287.689 , 414.272 , 304.809 , 345.045 , 422.989 , 84.082 , 216.931 , 152.145 , 336.865 , 322.833 , 325.924 , 287.689 , 353.259 , 252.982 , 218.192 , 210.025 , 253.602 , 154.545 , 87.535 , 259.784 , 0 , 61.284 , 183.153 , 109.994 , 167.17 , 306.919 , 381.228 , 152.385 , 84.756 , 101.259 , 55.282 , 391.03 , 130.652 , 87.611 , 168.499 , 315.307 , 405.168 , 437.903 , 307.274 , 364.75 , 0 , 
213.328 , 272.447 , 500.503 , 184.706 , 169.633 , 230.422 , 99.779 , 30.608 , 194.249 , 228.52 , 337.96 , 461.754 , 314.951 , 395.316 , 473.261 , 141.699 , 209.669 , 188.527 , 384.347 , 373.105 , 373.406 , 337.96 , 403.531 , 300.464 , 275.809 , 220.167 , 301.084 , 212.161 , 30.608 , 317.4 , 61.672 , 0 , 125.434 , 146.992 , 109.452 , 317.69 , 414.287 , 225.268 , 118.202 , 106.18 , 60.202 , 449.489 , 73.438 , 146.07 , 226.958 , 373.767 , 463.627 , 473.77 , 283.176 , 423.209 , 0 , 
94.047 , 381.939 , 609.995 , 224.708 , 43.403 , 104.193 , 92.834 , 140.1 , 303.741 , 367.059 , 447.452 , 571.246 , 424.443 , 504.808 , 582.753 , 263.568 , 83.439 , 150.207 , 493.839 , 482.597 , 482.898 , 447.452 , 513.023 , 409.956 , 414.347 , 329.659 , 410.576 , 334.03 , 140.1 , 439.269 , 183.361 , 125.497 , 0 , 185.778 , 20.648 , 427.072 , 523.669 , 334.651 , 227.584 , 75.092 , 112.839 , 571.178 , 144.751 , 267.759 , 348.647 , 495.455 , 586.809 , 583.152 , 156.703 , 544.898 , 0 , 
278.387 , 368.631 , 559.348 , 38.032 , 189.858 , 250.648 , 231.29 , 172.855 , 290.434 , 277.23 , 394.015 , 520.599 , 411.136 , 451.371 , 529.316 , 190.409 , 203.235 , 72.224 , 443.191 , 429.16 , 432.251 , 394.015 , 459.586 , 359.309 , 324.519 , 316.352 , 359.929 , 260.872 , 172.855 , 366.111 , 110.144 , 146.526 , 186.527 , 0 , 189.571 , 413.85 , 488.159 , 259.316 , 194.287 , 120.824 , 100.938 , 375.544 , 215.895 , 189.47 , 275.43 , 422.238 , 512.099 , 544.835 , 301.181 , 471.681 , 0 , 
108.48 , 365.956 , 594.012 , 227.751 , 64.784 , 125.574 , 76.852 , 124.117 , 287.759 , 351.076 , 431.47 , 555.264 , 408.46 , 488.826 , 566.77 , 247.585 , 104.82 , 171.588 , 477.856 , 466.614 , 466.916 , 431.47 , 497.04 , 393.973 , 398.365 , 313.677 , 394.593 , 318.048 , 124.117 , 423.287 , 167.425 , 109.561 , 20.687 , 190.239 , 0 , 411.136 , 507.733 , 318.715 , 211.648 , 69.685 , 107.432 , 555.242 , 128.815 , 251.823 , 332.711 , 479.519 , 570.873 , 567.216 , 178.429 , 528.962 , 0 , 
514.904 , 48.545 , 222.407 , 452.03 , 471.208 , 531.998 , 382.649 , 290.388 , 124.893 , 170.126 , 114.362 , 183.659 , 22.022 , 151.871 , 229.816 , 270.175 , 511.244 , 455.851 , 106.251 , 117.96 , 95.311 , 114.362 , 153.677 , 87.486 , 122.065 , 99.836 , 86.527 , 200.671 , 290.388 , 305.909 , 307.521 , 317.664 , 427.156 , 413.848 , 411.173 , 0 , 136.006 , 150.895 , 203.25 , 405.113 , 359.136 , 437.888 , 333.334 , 293.567 , 283.789 , 277.641 , 254.525 , 227.197 , 584.897 , 411.608 , 0 , 
611.501 , 167.329 , 87.121 , 526.339 , 567.805 , 628.595 , 479.246 , 386.985 , 221.49 , 196.821 , 104.576 , 47.874 , 157.282 , 105.03 , 182.974 , 302.265 , 607.841 , 530.16 , 33.754 , 71.118 , 47.033 , 104.576 , 122.921 , 114.181 , 148.761 , 200.123 , 113.223 , 227.366 , 386.985 , 332.605 , 366.917 , 414.399 , 523.891 , 473.244 , 507.909 , 136.304 , 0 , 236.011 , 299.986 , 464.509 , 418.532 , 355.424 , 430.07 , 326.163 , 310.37 , 249.657 , 227.693 , 180.491 , 681.633 , 329.144 , 0 , 
422.483 , 105.678 , 322.114 , 297.496 , 378.787 , 439.577 , 290.228 , 197.967 , 32.471 , 39.997 , 156.782 , 283.366 , 148.182 , 214.138 , 292.083 , 115.641 , 366.103 , 301.317 , 205.958 , 191.927 , 195.018 , 156.782 , 222.353 , 122.075 , 87.286 , 53.398 , 122.696 , 70.476 , 197.967 , 175.714 , 152.998 , 210.614 , 334.734 , 259.324 , 318.751 , 150.927 , 235.901 , 0 , 110.829 , 250.59 , 204.612 , 307.516 , 240.913 , 139.043 , 153.417 , 242.743 , 259.841 , 292.577 , 492.475 , 281.236 , 0 , 
315.416 , 158.034 , 386.09 , 232.467 , 271.72 , 332.51 , 183.161 , 90.9 , 79.836 , 143.153 , 223.547 , 347.341 , 200.538 , 280.903 , 358.848 , 122.431 , 311.756 , 333.979 , 269.934 , 258.692 , 258.993 , 223.547 , 289.118 , 186.051 , 190.442 , 105.754 , 186.671 , 173.632 , 90.9 , 278.871 , 84.756 , 118.192 , 227.684 , 194.444 , 211.702 , 203.251 , 299.848 , 110.83 , 0 , 211.672 , 173.65 , 410.662 , 133.863 , 145.823 , 207.431 , 345.89 , 362.988 , 359.331 , 385.426 , 384.382 , 0 , 
166.171 , 359.896 , 550.613 , 159.004 , 98.931 , 159.721 , 116.868 , 124.087 , 281.699 , 268.495 , 385.28 , 511.864 , 402.401 , 442.636 , 520.581 , 181.674 , 119.879 , 137.1 , 434.457 , 420.425 , 423.516 , 385.28 , 450.851 , 350.574 , 315.784 , 307.617 , 351.194 , 252.137 , 124.087 , 357.376 , 101.624 , 106.032 , 75.052 , 120.992 , 69.229 , 405.33 , 479.64 , 250.796 , 212.028 , 0 , 46.748 , 489.441 , 138.793 , 186.022 , 266.91 , 413.718 , 503.579 , 536.315 , 210.532 , 463.161 , 0 , 
203.918 , 313.919 , 504.635 , 139.118 , 141.106 , 201.896 , 134.611 , 86.065 , 235.722 , 222.518 , 339.303 , 465.887 , 356.423 , 396.659 , 474.604 , 135.697 , 162.054 , 142.939 , 388.479 , 374.447 , 377.539 , 339.303 , 404.874 , 304.596 , 269.807 , 261.64 , 305.217 , 206.159 , 86.065 , 311.398 , 55.282 , 60.202 , 112.839 , 100.938 , 107.432 , 359.136 , 418.532 , 204.612 , 173.65 , 46.748 , 0 , 443.33 , 129.29 , 139.911 , 220.799 , 367.607 , 457.468 , 490.203 , 252.409 , 417.05 , 0 , 
659.009 , 413.196 , 441.528 , 366.238 , 583.799 , 644.589 , 546.48 , 475.352 , 339.99 , 268.261 , 279.73 , 402.779 , 455.701 , 291.073 , 369.018 , 312.066 , 604.748 , 374.444 , 325.372 , 286.003 , 319.446 , 279.73 , 232.798 , 350.533 , 315.744 , 360.917 , 351.154 , 237.168 , 475.352 , 134.326 , 391.03 , 449.489 , 571.178 , 375.544 , 555.242 , 437.888 , 355.424 , 307.516 , 410.662 , 489.441 , 443.201 , 0 , 518.572 , 335.795 , 194.972 , 107.366 , 177.839 , 366.568 , 695.193 , 107.799 , 0 , 
232.583 , 290.749 , 516.174 , 254.075 , 188.887 , 249.677 , 52.677 , 43.424 , 209.92 , 273.237 , 353.631 , 477.425 , 330.622 , 410.987 , 488.932 , 211.067 , 228.923 , 245.905 , 400.017 , 388.776 , 389.077 , 353.631 , 419.202 , 316.135 , 320.526 , 235.838 , 316.755 , 281.53 , 43.424 , 386.769 , 130.652 , 73.438 , 144.751 , 215.895 , 128.815 , 333.334 , 430.07 , 240.913 , 133.863 , 138.793 , 126.095 , 515.382 , 0 , 211.963 , 292.851 , 475.947 , 493.044 , 489.388 , 302.495 , 489.102 , 0 , 
355.59 , 248.35 , 412.267 , 227.65 , 280.381 , 341.17 , 243.061 , 171.933 , 170.153 , 129.955 , 246.935 , 373.518 , 290.854 , 304.291 , 382.235 , 27.104 , 301.329 , 231.471 , 296.111 , 282.079 , 285.17 , 246.935 , 312.505 , 212.228 , 177.438 , 196.071 , 212.848 , 98.754 , 171.933 , 203.992 , 87.611 , 146.07 , 267.759 , 189.47 , 251.823 , 293.567 , 326.163 , 139.043 , 145.823 , 186.022 , 139.738 , 335.634 , 215.108 , 0 , 113.103 , 259.911 , 349.772 , 382.507 , 391.73 , 309.354 , 0 , 
436.478 , 259.098 , 396.474 , 313.61 , 361.268 , 422.058 , 323.949 , 252.821 , 185.891 , 114.162 , 231.141 , 357.725 , 301.602 , 288.497 , 366.442 , 89.535 , 382.217 , 317.431 , 280.317 , 266.286 , 269.377 , 231.141 , 296.712 , 196.435 , 161.645 , 206.819 , 197.055 , 82.961 , 252.821 , 160.823 , 168.499 , 226.958 , 348.647 , 275.43 , 332.711 , 283.789 , 310.37 , 153.417 , 207.431 , 266.91 , 220.697 , 194.894 , 296.068 , 113.291 , 0 , 217.017 , 334.214 , 366.949 , 472.689 , 266.459 , 0 , 
583.287 , 308.116 , 335.761 , 460.418 , 508.077 , 568.867 , 470.757 , 433.027 , 277.203 , 203.663 , 173.964 , 297.012 , 298.917 , 185.306 , 263.251 , 236.344 , 529.025 , 464.239 , 219.605 , 180.236 , 213.679 , 173.964 , 127.031 , 190.286 , 155.388 , 255.837 , 190.906 , 161.445 , 433.027 , 57.928 , 315.307 , 373.767 , 495.455 , 422.238 , 479.519 , 277.641 , 249.657 , 242.743 , 345.89 , 413.718 , 367.985 , 107.413 , 475.884 , 260.579 , 217.41 , 0 , 72.144 , 260.872 , 619.977 , 81.133 , 0 , 
674.641 , 325.214 , 313.797 , 550.279 , 597.938 , 658.728 , 542.386 , 450.125 , 294.301 , 220.761 , 151.999 , 275.048 , 275.801 , 163.342 , 241.287 , 326.205 , 618.886 , 554.1 , 197.64 , 158.272 , 191.715 , 151.999 , 105.067 , 207.384 , 172.486 , 272.935 , 208.004 , 251.306 , 450.125 , 120.967 , 405.168 , 463.627 , 586.809 , 512.099 , 570.873 , 254.525 , 227.693 , 259.841 , 362.988 , 503.579 , 441.824 , 177.384 , 492.544 , 349.456 , 333.662 , 71.617 , 0 , 227.209 , 693.816 , 151.104 , 0 , 
670.984 , 274.997 , 266.594 , 583.015 , 627.288 , 688.078 , 538.729 , 446.468 , 280.973 , 253.497 , 135.829 , 227.846 , 248.473 , 78.014 , 4.53 , 358.94 , 667.325 , 586.836 , 150.438 , 111.069 , 144.513 , 135.829 , 134.139 , 173.665 , 205.437 , 259.606 , 173.239 , 284.042 , 446.468 , 309.696 , 437.903 , 473.77 , 583.152 , 544.835 , 567.216 , 227.197 , 180.491 , 292.577 , 359.331 , 536.315 , 472.121 , 366.535 , 486.449 , 379.753 , 363.959 , 260.768 , 238.804 , 0 , 738.012 , 340.255 , 0 , 
126.451 , 539.68 , 767.736 , 339.361 , 117.45 , 64.755 , 250.575 , 297.841 , 461.483 , 474.51 , 605.194 , 728.987 , 582.184 , 662.55 , 740.494 , 387.689 , 90.762 , 263.786 , 651.58 , 640.338 , 640.64 , 605.194 , 670.764 , 567.697 , 521.799 , 487.401 , 568.317 , 458.152 , 297.841 , 563.39 , 307.274 , 283.176 , 156.703 , 301.181 , 178.429 , 584.897 , 681.633 , 492.475 , 385.426 , 210.532 , 255.299 , 697.992 , 303.079 , 394.573 , 475.461 , 622.27 , 712.13 , 741.481 , 0 , 671.712 , 0 , 
632.73 , 386.917 , 415.248 , 509.861 , 557.52 , 618.31 , 520.2 , 449.072 , 313.711 , 241.981 , 253.451 , 376.499 , 429.421 , 264.793 , 342.738 , 285.786 , 578.468 , 430.559 , 299.092 , 259.723 , 293.166 , 253.451 , 206.518 , 324.254 , 289.464 , 334.638 , 324.874 , 210.888 , 449.072 , 108.046 , 364.75 , 423.209 , 544.898 , 471.681 , 528.962 , 411.608 , 329.144 , 281.236 , 384.382 , 463.161 , 417.025 , 107.894 , 492.396 , 309.619 , 266.45 , 81.19 , 151.663 , 340.392 , 669.017 , 0 , 0 , 
0 , 0 , 0 , 0 , 0 , 0 , 0 , 0 , 0 , 0 , 0 , 0 , 0 , 0 , 0 , 0 , 0 , 0 , 0 , 0 , 0 , 0 , 0 , 0 , 0 , 0 , 0 , 0 , 0 , 0 , 0 , 0 , 0 , 0 , 0 , 0 , 0 , 0 , 0 , 0 , 0 , 0 , 0 , 0 , 0 , 0 , 0 , 0 , 0 , 0 , 0 , 
FuelPrice , 14.84 
FuelConsumptionEmptyTruckPerKm, 0.42
FuelConsumptionPerTonPerKm, 0.01
 LabourCostPerHour, 469
OtherDistanceDependentCostsPerKm, 3.55
OtherTimeDependentCostsPerHour, 199
TimeTonService, 0.1
 Revenue, 100
 

!Freight order 1  has pickup in  Rennebu and delivery in  Tanem
!Freight order 2  has pickup in Sistranda and delivery in  Kongsvinger
!Freight order 3  has pickup in Beitostølen and delivery in  Vinjeøra
!Freight order 4  has pickup in  Drammen and delivery in  Fossbergom
!Freight order 5  has pickup in Beitostølen and delivery in Nesbyen
!The vehicle has startdepot Vinstra
